OrderedDict([('fc1.weight',
              tensor([[ 0.0328, -0.0131,  0.0114,  ..., -0.0317,  0.0232,  0.0199],
                      [-0.0176,  0.0253,  0.0122,  ...,  0.0133, -0.0219, -0.0114],
                      [-0.0014,  0.0136,  0.0089,  ..., -0.0064,  0.0421,  0.0512],
                      ...,
                      [ 0.0379,  0.0203,  0.0015,  ...,  0.0371, -0.0186,  0.0360],
                      [ 0.0094,  0.0223,  0.0089,  ..., -0.0280, -0.0333,  0.0199],
                      [ 0.0251, -0.0123, -0.0111,  ..., -0.0220,  0.0169, -0.0256]])),
             ('fc1.bias',
              tensor([ 2.7742e-02,  5.6697e-03, -4.5469e-02,  3.1629e-03,  1.6763e-02,
                      -2.7798e-02,  3.2129e-02,  2.8768e-02, -1.8333e-02, -3.7513e-02,
                       7.5470e-03, -2.0116e-02,  4.5146e-03,  3.4876e-02,  2.4713e-02,
                       2.2862e-02, -2.0923e-02, -8.9213e-04, -2.3896e-02,  2.8032e-03,
                       4.6443e-02, -4.2288e-02, -1.9112e-03, -2.8909e-02,  2.1202e-02,
                      -3.4956e-02, -9.6185e-03, -1.0835e-02,  7.8317e-03, -7.6267e-03,
                      -4.2415e-03, -1.7846e-02, -1.6975e-02,  4.4511e-03,  2.2922e-02,
                       2.3096e-02,  1.7365e-02,  3.4169e-02,  1.5963e-02, -3.4122e-02,
                      -4.6148e-02,  2.9235e-02,  1.3497e-02, -4.4801e-02, -2.3528e-02,
                      -1.6742e-02, -5.1908e-04, -9.8033e-03,  2.7609e-03, -2.0110e-02,
                      -2.5175e-02,  1.0005e-02, -3.9358e-02, -2.6828e-02, -2.8709e-02,
                       2.0744e-03, -1.0263e-02, -1.3165e-02, -1.4134e-03,  1.0371e-02,
                      -3.8624e-02, -6.5681e-03, -3.2249e-02,  2.1614e-02, -3.1377e-02,
                      -2.4309e-02,  3.0773e-02, -2.5921e-05,  1.3843e-02, -3.6897e-02,
                      -3.8679e-02, -1.8600e-02, -1.2360e-02, -6.7523e-03, -1.4755e-04,
                       8.4440e-03,  5.4484e-03,  4.9950e-04,  1.4606e-02, -2.2003e-02,
                      -3.2960e-02,  1.5850e-02,  9.2509e-03,  8.4387e-03, -3.9409e-02,
                      -1.1188e-02,  1.7413e-02, -4.6276e-02, -3.5867e-03, -2.3579e-02,
                      -2.2607e-02,  2.9498e-02,  1.2489e-02,  3.9190e-02, -5.9248e-02,
                       2.2834e-02,  8.7625e-03,  2.1264e-02, -2.3226e-02, -4.4003e-02,
                       2.0219e-02,  2.2542e-02, -2.9621e-02, -4.1956e-02,  1.8952e-03,
                      -1.7023e-02, -3.2338e-02, -2.4294e-02,  1.4227e-02,  3.0114e-02,
                      -1.8894e-02, -2.7363e-02, -2.8373e-02,  4.2934e-03, -2.0627e-02,
                      -3.0255e-02, -5.1365e-02,  1.1079e-02,  1.8733e-02, -2.3132e-02,
                      -2.5593e-02, -6.4929e-03, -2.9885e-02, -6.7335e-03, -2.0748e-02,
                       1.9156e-02, -1.0120e-02, -2.3541e-02])),
             ('fc2.weight',
              tensor([[ 0.0075,  0.2228,  0.1435,  ..., -0.0411, -0.2247, -0.0269],
                      [-0.1400,  0.0095,  0.2310,  ..., -0.0495, -0.0547,  0.0709],
                      [ 0.0438,  0.0956,  0.1875,  ...,  0.0593, -0.1174, -0.0342],
                      ...,
                      [-0.1381,  0.0805,  0.1160,  ..., -0.0050, -0.0201, -0.0875],
                      [ 0.1657, -0.3966, -0.3219,  ...,  0.0122,  0.0972,  0.1464],
                      [-0.2928, -0.2547, -0.0927,  ..., -0.0458,  0.1011,  0.1509]])),
             ('fc2.bias',
              tensor([-0.0270, -0.0436, -0.0796,  0.0619, -0.0204, -0.0299, -0.0424,  0.0185,
                       0.0289,  0.0462]))])